1419845976 0
1419846278 0
1419846579 0
1419846889 72
1430545973 0
1430546283 0
1430546583 0
1430546893 0
1430547204 0
1430547504 0
1430547814 0
1430548124 0
1430548425 0
1430548735 0
1430549045 0
1430549356 0
1430549656 0
1430549966 0
1430550277 0
1430550580 0
1430550890 0
1430551190 0
1430551500 0
1430551810 0
1430552121 0
1430552421 0
1430552731 0
1430553042 0
1430553342 0
1430553652 0
1430553963 0
1430554263 0
1430554573 0
1430554884 0
1430555184 0
1430555494 0
1430555804 0
1430556115 0
1430556415 0
1430556725 0
1430557036 0
1430557336 0
1430557646 0
1430557957 0
1430558257 0
1430558567 0
1430558877 0
1430559188 0
1430559498 0
1430559808 0
1430560119 0
1430560419 0
1430560729 0
1430561040 0
1430561340 0
1430561650 0
1430561961 0
1430562261 0
1430562571 0
1430562881 0
1430563192 0
1430563492 0
1430563802 0
1430564113 0
1430564413 0
1430564723 0
1430565034 0
1430565334 0
1430565644 0
1430565955 0
1430566255 0
1430566565 0
1430566876 0
1430567176 0
1430567486 0
1430567797 0
1430568097 64
1430568407 0
1430568717 0
1430569028 0
1430716853 4
1430717163 0
1430717463 100
1430717773 0
1430718083 0
1430718384 0
1430718694 0
1430719004 0
1430719315 0
1430719615 0
1430719925 0
1430720236 0
1430720536 0
1430720846 0
1430721157 0
1430721457 0
1430721767 0
1430722078 0
1430722378 0
1430722688 0
1430722999 0
1430723299 0
1430723609 0
1430723919 0
1430724220 0
1430724530 0
1430724840 0
1430725151 0
1430725451 0
1430725761 0
1430726072 0
1430726372 0
1430726682 0
1430726993 0
1430727293 0
1430727603 0
1430727914 0
1430728214 0
1430728524 0
1430728835 0
1430729135 0
1430729445 0
1430729755 0
1430730066 0
1430730366 0
1430730676 0
1430730986 0
1430731297 0
1430731597 0
1430731898 0
1430732209 0
1430732509 0
1430732817 0
1430733127 0
1430733432 0
1430733742 0
1430734052 0
1430734363 0
1430734663 0
1430734973 0
1430735284 0
1430735584 0
1430735895 0
1430736206 68
1430736507 40
1430736810 0
