1419845976 3440509210624
1419846278 3440508686336
1419846579 3440508801024
1419846889 3440508899328
1430545973 28820679680
1430546283 28822633472
1430546583 28822633472
1430546893 28822633472
1430547204 28822633472
1430547504 28822637568
1430547814 28822637568
1430548124 28822637568
1430548425 28822641664
1430548735 28822641664
1430549045 28822641664
1430549356 28822645760
1430549656 28822662144
1430549966 28822662144
1430550277 28822666240
1430550580 28822957056
1430550890 28827679744
1430551190 28827683840
1430551500 28827683840
1430551810 28827687936
1430552121 28827692032
1430552421 28827692032
1430552731 28827692032
1430553042 28827696128
1430553342 28827700224
1430553652 28827700224
1430553963 28827704320
1430554263 28827704320
1430554573 28827704320
1430554884 28827708416
1430555184 28827712512
1430555494 28827712512
1430555804 28827712512
1430556115 28827716608
1430556415 28827716608
1430556725 28827716608
1430557036 28827720704
1430557336 28827724800
1430557646 28827724800
1430557957 28827724800
1430558257 28827724800
1430558567 28827728896
1430558877 28827728896
1430559188 28827732992
1430559498 28827737088
1430559808 28827737088
1430560119 28827737088
1430560419 28827749376
1430560729 28827749376
1430561040 28827749376
1430561340 28827749376
1430561650 28827749376
1430561961 28827753472
1430562261 28827753472
1430562571 28827753472
1430562881 28827757568
1430563192 28827757568
1430563492 28827757568
1430563802 28827761664
1430564113 28827765760
1430564413 28827765760
1430564723 28827778048
1430565034 28827769856
1430565334 28827769856
1430565644 28827769856
1430565955 28827773952
1430566255 28827773952
1430566565 28827773952
1430566876 28827778048
1430567176 28820409344
1430567486 28794825728
1430567797 29109804032
1430568097 29109804032
1430568407 29109808128
1430568717 29109808128
1430569028 29109808128
1430716853 29107833856
1430717163 29109906432
1430717463 29109910528
1430717773 29109910528
1430718083 29109910528
1430718384 29109926912
1430718694 29109926912
1430719004 29109926912
1430719315 29109926912
1430719615 29109931008
1430719925 29109931008
1430720236 29109931008
1430720536 29109935104
1430720846 29109935104
1430721157 29109935104
1430721457 29109939200
1430721767 29109943296
1430722078 29109951488
1430722378 29109951488
1430722688 29135657984
1430722999 29135657984
1430723299 29135657984
1430723609 29135657984
1430723919 29135662080
1430724220 29135670272
1430724530 29135670272
1430724840 29135674368
1430725151 29135674368
1430725451 29135674368
1430725761 29135674368
1430726072 29135678464
1430726372 29135678464
1430726682 29135682560
1430726993 29135682560
1430727293 29135686656
1430727603 29135707136
1430727914 29137054720
1430728214 29137107968
1430728524 29137107968
1430728835 29137112064
1430729135 29137116160
1430729445 29137116160
1430729755 29137124352
1430730066 29137124352
1430730366 29137128448
1430730676 29137128448
1430730986 29137529856
1430731297 29245557760
1430731597 29237521408
1430731898 29237730304
1430732209 29238168576
1430732509 29238189056
1430732817 29238246400
1430733127 29238291456
1430733432 29238352896
1430733742 29238369280
1430734052 29238393856
1430734363 29238414336
1430734663 29238438912
1430734973 29238475776
1430735284 29238488064
1430735584 29238508544
1430735895 29301050368
1430736206 29686811648
1430736507 29392047104
1430736810 29384666112
