1419845976 1044987904
1419846278 980643840
1419846579 982061056
1419846889 982671360
1430545973 257949696
1430546283 257810432
1430546583 257859584
1430546893 257798144
1430547204 257732608
1430547504 258285568
1430547814 257970176
1430548124 258146304
1430548425 258371584
1430548735 258064384
1430549045 258621440
1430549356 258150400
1430549656 258146304
1430549966 258723840
1430550277 258142208
1430550580 266035200
1430550890 268972032
1430551190 269078528
1430551500 269012992
1430551810 268554240
1430552121 269025280
1430552421 268836864
1430552731 268890112
1430553042 269185024
1430553342 270594048
1430553652 270651392
1430553963 269910016
1430554263 270229504
1430554573 270413824
1430554884 270348288
1430555184 270266368
1430555494 270061568
1430555804 270118912
1430556115 270307328
1430556415 270360576
1430556725 269914112
1430557036 270417920
1430557336 269963264
1430557646 269893632
1430557957 270458880
1430558257 270016512
1430558567 270442496
1430558877 270372864
1430559188 270159872
1430559498 270094336
1430559808 270405632
1430560119 270209024
1430560419 270127104
1430560729 270376960
1430561040 270569472
1430561340 270241792
1430561650 342122496
1430561961 341929984
1430562261 341733376
1430562571 341909504
1430562881 341954560
1430563192 342130688
1430563492 342065152
1430563802 343011328
1430564113 342204416
1430564413 341893120
1430564723 342192128
1430565034 341991424
1430565334 341925888
1430565644 342102016
1430565955 342261760
1430566255 342200320
1430566565 341983232
1430566876 341913600
1430567176 345149440
1430567486 342650880
1430567797 352022528
1430568097 354230272
1430568407 354131968
1430568717 354181120
1430569028 353988608
1430716853 258048000
1430717163 263376896
1430717463 263909376
1430717773 263942144
1430718083 264003584
1430718384 265564160
1430718694 266256384
1430719004 265805824
1430719315 265732096
1430719615 266162176
1430719925 266084352
1430720236 266137600
1430720536 266014720
1430720846 265433088
1430721157 265879552
1430721457 266178560
1430721767 266215424
1430722078 267567104
1430722378 268251136
1430722688 271581184
1430722999 271486976
1430723299 271564800
1430723609 271245312
1430723919 271155200
1430724220 272916480
1430724530 273600512
1430724840 273121280
1430725151 272908288
1430725451 273592320
1430725761 273506304
1430726072 273661952
1430726372 273084416
1430726682 273104896
1430726993 273657856
1430727293 273719296
1430727603 274489344
1430727914 386924544
1430728214 432566272
1430728524 431935488
1430728835 431554560
1430729135 432087040
1430729445 432205824
1430729755 433631232
1430730066 433479680
1430730366 433733632
1430730676 433754112
1430730986 457728000
1430731297 469712896
1430731597 469946368
1430731898 470450176
1430732209 416890880
1430732509 416759808
1430732817 416845824
1430733127 417480704
1430733432 417284096
1430733742 417546240
1430734052 417533952
1430734363 417513472
1430734663 419647488
1430734973 419602432
1430735284 419942400
1430735584 419692544
1430735895 426921984
1430736206 577896448
1430736507 547930112
1430736810 546406400
