1419845976 100
1419846278 95
1419846579 100
1419846889 98
1430545973 100
1430546283 100
1430546583 100
1430546893 100
1430547204 100
1430547504 100
1430547814 100
1430548124 100
1430548425 100
1430548735 100
1430549045 100
1430549356 100
1430549656 100
1430549966 100
1430550277 100
1430550580 86
1430550890 100
1430551190 100
1430551500 100
1430551810 100
1430552121 100
1430552421 100
1430552731 100
1430553042 100
1430553342 100
1430553652 100
1430553963 100
1430554263 100
1430554573 100
1430554884 100
1430555184 100
1430555494 100
1430555804 100
1430556115 100
1430556415 100
1430556725 100
1430557036 100
1430557336 100
1430557646 100
1430557957 100
1430558257 100
1430558567 100
1430558877 100
1430559188 100
1430559498 100
1430559808 100
1430560119 100
1430560419 100
1430560729 100
1430561040 100
1430561340 100
1430561650 100
1430561961 100
1430562261 100
1430562571 100
1430562881 100
1430563192 100
1430563492 100
1430563802 100
1430564113 100
1430564413 100
1430564723 100
1430565034 100
1430565334 100
1430565644 100
1430565955 100
1430566255 100
1430566565 100
1430566876 97
1430567176 100
1430567486 99
1430567797 100
1430568097 98
1430568407 100
1430568717 100
1430569028 100
1430716853 90
1430717163 100
1430717463 98
1430717773 100
1430718083 100
1430718384 100
1430718694 100
1430719004 100
1430719315 100
1430719615 100
1430719925 100
1430720236 100
1430720536 100
1430720846 100
1430721157 100
1430721457 100
1430721767 100
1430722078 100
1430722378 100
1430722688 100
1430722999 100
1430723299 100
1430723609 100
1430723919 100
1430724220 100
1430724530 100
1430724840 100
1430725151 100
1430725451 100
1430725761 100
1430726072 100
1430726372 100
1430726682 100
1430726993 100
1430727293 100
1430727603 100
1430727914 82
1430728214 100
1430728524 100
1430728835 100
1430729135 100
1430729445 100
1430729755 100
1430730066 100
1430730366 100
1430730676 100
1430730986 100
1430731297 100
1430731597 100
1430731898 100
1430732209 100
1430732509 100
1430732817 100
1430733127 100
1430733432 100
1430733742 100
1430734052 100
1430734363 100
1430734663 100
1430734973 100
1430735284 100
1430735584 100
1430735895 99
1430736206 100
1430736507 100
1430736810 94
