1419845976 147
1419846278 142
1419846579 145
1419846889 145
1430545973 125
1430546283 121
1430546583 121
1430546893 121
1430547204 121
1430547504 121
1430547814 121
1430548124 121
1430548425 122
1430548735 122
1430549045 122
1430549356 122
1430549656 122
1430549966 122
1430550277 122
1430550580 124
1430550890 123
1430551190 122
1430551500 122
1430551810 122
1430552121 123
1430552421 123
1430552731 123
1430553042 123
1430553342 123
1430553652 123
1430553963 122
1430554263 122
1430554573 122
1430554884 122
1430555184 122
1430555494 122
1430555804 122
1430556115 122
1430556415 122
1430556725 122
1430557036 122
1430557336 122
1430557646 122
1430557957 122
1430558257 122
1430558567 122
1430558877 122
1430559188 122
1430559498 122
1430559808 122
1430560119 122
1430560419 122
1430560729 122
1430561040 122
1430561340 122
1430561650 122
1430561961 122
1430562261 122
1430562571 122
1430562881 122
1430563192 122
1430563492 122
1430563802 125
1430564113 122
1430564413 122
1430564723 122
1430565034 122
1430565334 122
1430565644 122
1430565955 122
1430566255 122
1430566565 122
1430566876 122
1430567176 125
1430567486 125
1430567797 124
1430568097 126
1430568407 126
1430568717 126
1430569028 126
1430716853 126
1430717163 122
1430717463 123
1430717773 123
1430718083 123
1430718384 122
1430718694 122
1430719004 122
1430719315 122
1430719615 122
1430719925 122
1430720236 122
1430720536 122
1430720846 122
1430721157 122
1430721457 122
1430721767 122
1430722078 124
1430722378 124
1430722688 124
1430722999 124
1430723299 124
1430723609 124
1430723919 124
1430724220 126
1430724530 126
1430724840 126
1430725151 126
1430725451 126
1430725761 126
1430726072 126
1430726372 126
1430726682 126
1430726993 126
1430727293 126
1430727603 129
1430727914 133
1430728214 133
1430728524 133
1430728835 132
1430729135 133
1430729445 133
1430729755 134
1430730066 134
1430730366 134
1430730676 134
1430730986 134
1430731297 134
1430731597 134
1430731898 134
1430732209 133
1430732509 133
1430732817 133
1430733127 133
1430733432 133
1430733742 133
1430734052 133
1430734363 133
1430734663 133
1430734973 133
1430735284 133
1430735584 133
1430735895 133
1430736206 133
1430736507 134
1430736810 133
